0000000000000000000000000
0000000000011100000000000
0000000000010100000000000
0000000000010100000000000
0000000000010100000000000
0000000000010100000000000
0011111111111111111111100
0010000000000000000000100
0011111111111111111111100
0000000000010100000000000
0000000000010100000000000
0000000000010100000000000
0000000000010100000000000
0000000000010100000000000
0000000000010100000000000
0000000000010100000000000
0000000000010100000000000
0000000000010100000000000
0000000000010100000000000
0000000000010100000000000
0000000000010100000000000
0000000000010100000000000
0000000000010100000000000
0000000000010100000000000
0000000000011100000000000